8135
17041
26875
30341
21079
725
2185
23988
1516
786
17079
5025
19465
69
18208
6400
2315
17268
1912
30801
18388
26852
288
27607
10867
8608
8397
6783
15373
9503
19397
10798
22601
11875
8146
10662
26741
24647
26206
18980
3557
24077
14881
21075
2047
6172
31452
5934
29578
3656
19820
32070
9691
28402
23811
29027
9273
16811
20569
13109
1771
14819
469
20872
17434
18024
24787
17852
23466
12072
4868
8744
11984
20667
21186
2212
13157
15287
3858
11222
11081
26794
10202
30899
27854
1892
464
19751
23896
24653
15754
1160
20678
15396
13646
26793
25467
16021
25782
6103
21306
20915
30611
7715
16420
8037
20128
9911
1035
8884
675
14769
27569
25724
17434
21481
16922
32697
27696
31277
23723
13546
14018
9894
2113
6313
14570
25193
3776
6636
30402
390
8616
30764
13842
1610
781
8025
16126
21526
9894
31369
1498
30834
15485
30587
32583
24441
10398
21537
6193
4210
22306
20164
27820
14482
15472
8304
17893
30645
21962
27431
31284
4496
9141
24710
13812
29942
528
13158
6965
27062
21765
23047
10546
12347
13892
31140
10104
22275
18179
18858
22709
1070
6957
25306
3727
7810
17405
14635
30210
23227
26075
18961
21330
29261
22829
22028
31718
29704
23767
26133
11150
17298
23603
14441
13890
19832
9939
1962
24004
15358
27346
20172
25232
4486
8185
29059
32687
30326
3835
13697
26628
4831
19227
12954
23654
19998
13179
8448
12985
20727
22022
26149
20644
28811
29491
16221
20081
1678
4882
9288
6645
30240
25199
16861
19283
1791
901
14758
3596
28676
16645
32222
20536
18070
92
14821
2521
22256
32190
27471
18974
16874
4489
342
29186
15795
25443
16394
29966
2083
29881
15231
25513
3808
18225
930
21920
7622
1554
25553
19575
19059
27613
12444
8453
31993
29686
17858
7704
26495
27540
26750
24676
6001
21301
32042
5319
18437
3378
4767
19631
12420
28492
11946
30467
6751
3754
29621
13105
12730
0
16926
32541
2914
31960
32395
3044
28926
28062
27374
602
1689
25836
4100
16641
24303
17076
991
24996
32703
1151
25686
3907
10729
11870
25621
24392
8791
15408
18770
26525
17187
30749
2804
13876
25957
27660
23408
16117
4531
16811
29913
11367
30016
32040
6776
32197
16178
3022
16853
14189
4760
3029
31205
20174
31537
27515
324
14580
26723
29171
22729
6870
12292
5013
26634
3786
3575
29928
21513
25892
23035
16551
23933
22308
17715
16691
20131
264
2023
11108
21097
13591
20212
7151
17033
23635
4562
19843
8362
7614
787
10077
32470
29072
23927
31635
12238
15966
16136
28911
31231
5319
27900
27770
32174
25853
16059
15188
10188
1240
7976
9254
4280
28314
320
23294
8221
30481
16423
1259
856
18726
3775
25214
2409
4096
19982
15085
20631
3852
3864
14879
28472
28524
16826
15587
6731
31528
22629
29792
2013
24292
104
18867
24301
20965
18347
1556
13325
3818
25884
13926
12178
26017
488
18856
25907
15158
13351
16212
32301
26419
6318
32343
22537
24528
7838
27266
22433
21610
15179
5916
3332
9510
4389
24702
12204
8540
17545
8257
22579
21735
18595
29350
5725
25912
726
21536
13597
12568
17575
27003
16560
9294
17184
4541
24085
4402
13017
31485
10720
25644
21494
24788
12835
17192
9541
12126
24977
18702
30453
28895
6079
15927
20855
3124
29227
13895
8947
12398
25549
18184
1098
25105
32643
15048
32064
20493
17727
18769
2255
30139
6760
29351
28341
23386
19290
20854
18327
24160
8517
28405
20235
1509
13832
29825
2491
30968
605
20702
32043
21710
30537
12218
7449
31124
12268
25336
22342
27487
1218
1093
30173
12485
3261
1765
27332
5803
4135
12127
9079
4143
21215
29081
20133
20360
7579
26752
312
17129
1301
19246
22287
23211
24244
14577
6641
27720
1967
16639
25178
15787
31207
1062
2109
8871
10335
16484
865
31251
15189
4075
13692
2705
2749
9616
12685
19397
16883
30239
7745
25874
18974
13414
26993
21307
5212
32268
7733
29998
23210
1126
27506
13281
12161
7361
6979
28980
17794
3230
6770
29035
31537
3713
31640
22080
19663
1021
5363
1002
17112
12885
15746
16340
15195
31284
13148
31762
20016
29525
28903
1382
17883
2343
8149
13056
29914
28573
21453
25666
19185
26338
8079
8798
28485
24562
24804
28289
2532
8184
12148
17279
2167
6094
9147
28273
2376
30350
8835
229
28403
19859
7663
24441
13952
25265
28796
632
27350
12769
29077
16611
17051
3177
28995
1512
27850
215
30571
25620
13416
14777
18430
11376
12181
2338
14052
22140
17606
30677
31300
22729
5736
14809
11634
24399
5022
14210
25819
11764
19099
20369
29226
27274
16060
19451
32608
7232
27630
163
3543
30598
14969
10955
19188
8806
9141
207
24671
10410
27893
31354
1578
878
26056
24484
17667
8692
22748
4340
17462
22768
8595
1605
26144
4445
15427
30400
3653
12012
18643
18328
10142
21145
31129
26932
10571
20415
18917
8840
22996
2934
12655
3471
22735
22013
7219
8420
1214
7447
6832
27919
10678
13894
1985
25727
28613
16289
2191
3900
31788
22168
15650
12673
12356
503
16859
15068
32448
6028
16871
24459
25259
6680
29574
9569
16022
5512
13673
18494
1152
9174
25345
4141
11780
25100
22655
7809
32413
14903
8303
6134
21776
21463
26584
16755
13782
6200
14716
10575
12291
22245
3999
25870
20495
11184
29166
25568
13093
1623
3278
24295
25473
26141
6597
8151
9645
14357
9176
23306
8101
16398
4657
30385
11991
31758
12547
29731
31437
21315
5358
24280
353
9851
30336
29838
24077
170
27835
4145
8829
32268
3375
9805
14426
26762
30390
31948
26242
7862
29205
27654
17751
3208
3918
9781
10764
10775
3625
27376
2218
32129
18744
21023
9018
22759
919
26777
14038
31065
2496
17497
26149
19108
7568
10988
3213
13192
30265
14608
7914
18872
32171
11750
8170
25165
1208
29466
19845
8757
25506
20154
23987
23616
5127
6903
32721
7524
14080
9718
5623
18838
25745
4452
31738
10557
8667
3871
1106
22110
22203
19006
26767
16703
19828
8706
30594
12311
32426
26829
5030
19992
11473
2358
23657
15226
27335
20553
16380
31753
21060
16460
5149
22621
3279
3073
19942
4894
20653
14083
27424
12673
25217
20822
3978
25033
8755
32347
26292
26607
15912
1724
17423
756
13142
31442
16983
